0 0 0 0 0 0 0 0 0 0 0 0 0 0 0 0 0 0 0 0 0 0 0 0 0 0 0 0 0 0 0 0 0 0 0 0 0 0 0 0 0 0 0 0 0 0 0 0 0 0
0 0 0 0 0 0 0 0 0 0 0 0 0 0 0 0 0 0 0 0 0 0 0 0 0 0 0 0 0 0 0 0 0 0 0 0 0 0 0 0 0 0 0 0 0 0 0 0 0 0
0 0 0 0 0 0 0 0 0 0 0 0 0 0 0 0 0 0 0 0 0 0 0 0 0 0 0 0 0 0 0 0 0 0 0 0 0 0 0 0 0 0 0 0 0 0 0 0 0 0
0 0 0 0 0 0 0 0 0 0 0 0 0 0 0 0 0 0 0 0 0 0 0 0 0 0 0 0 0 0 0 0 0 0 0 0 0 0 0 0 0 0 0 0 0 0 0 0 0 0
0 0 0 0 0 0 0 0 0 0 0 0 0 0 0 0 0 0 0 0 0 0 0 0 0 0 0 0 0 0 0 0 0 0 0 0 0 0 0 0 0 0 0 0 0 0 0 0 0 0
0 0 0 0 0 0 0 0 0 0 0 0 0 0 0 0 0 0 0 0 0 0 0 0 0 0 0 0 0 0 0 0 0 0 0 0 0 0 0 0 0 0 0 0 0 0 0 0 0 0
0 0 0 0 0 0 0 40 40 40 40 40 40 40 40 40 40 40 40 40 40 40 40 40 40 40 40 40 40 40 40 40 40 40 40 40 40 40 40 40 40 40 40 0 0 0 0 0 0 0
0 0 0 0 0 0 0 40 2 39 40 40 40 40 40 40 40 40 40 40 40 40 40 40 40 40 40 40 40 40 40 40 40 40 40 40 40 40 40 40 40 40 40 0 0 0 0 0 0 0
0 0 0 0 0 0 0 40 39 39 40 40 40 40 40 39 39 39 39 39 40 40 40 40 40 40 40 40 40 40 40 39 39 39 39 39 39 40 40 40 40 40 40 0 0 0 0 0 0 0
0 0 0 0 0 0 0 40 40 39 40 40 40 40 39 39 39 39 39 39 39 40 40 40 40 40 40 40 40 40 39 39 39 39 40 40 39 40 40 40 40 40 40 0 0 0 0 0 0 0
0 0 0 0 0 0 0 40 40 39 39 39 39 39 39 39 39 39 39 39 39 40 40 40 40 40 39 39 39 39 39 39 39 40 40 40 39 39 40 40 40 40 40 0 0 0 0 0 0 0
0 0 0 0 0 0 0 40 40 40 40 40 40 40 39 39 39 39 39 39 39 40 40 40 40 39 39 4 39 39 39 39 40 40 40 40 40 39 40 40 40 40 40 0 0 0 0 0 0 0
0 0 0 0 0 0 0 40 40 40 40 40 40 40 40 39 39 39 39 39 40 40 40 40 39 39 39 39 39 39 40 40 40 40 40 40 40 39 39 40 40 40 40 0 0 0 0 0 0 0
0 0 0 0 0 0 0 40 40 40 40 40 40 40 40 40 40 40 39 40 40 40 39 39 39 39 39 40 40 40 40 40 40 40 40 40 39 39 39 39 40 40 40 0 0 0 0 0 0 0
0 0 0 0 0 0 0 40 40 40 40 40 40 40 40 40 40 40 39 40 40 40 39 39 39 40 40 40 40 40 40 40 40 40 40 39 39 39 39 39 40 40 40 0 0 0 0 0 0 0
0 0 0 0 0 0 0 40 40 40 40 40 40 40 40 39 39 39 39 39 40 40 39 39 39 40 40 39 40 40 40 40 40 40 40 39 39 39 39 39 39 40 40 0 0 0 0 0 0 0
0 0 0 0 0 0 0 40 40 40 40 40 40 39 39 39 39 39 39 39 40 40 39 40 40 40 40 39 40 40 40 40 40 40 39 39 39 39 39 39 39 40 40 0 0 0 0 0 0 0
0 0 0 0 0 0 0 40 39 39 40 40 40 40 40 40 40 40 39 40 40 40 39 40 40 39 39 39 39 39 40 40 39 39 39 40 40 39 39 39 40 40 40 0 0 0 0 0 0 0
0 0 0 0 0 0 0 40 39 39 39 39 39 40 40 40 40 40 39 40 40 40 39 40 40 39 39 39 39 39 40 39 39 40 40 40 40 40 39 40 40 40 40 0 0 0 0 0 0 0
0 0 0 0 0 0 0 40 39 39 39 39 39 40 40 40 40 40 39 40 40 40 39 40 40 39 39 39 39 39 39 39 40 40 40 40 40 40 39 40 40 40 40 0 0 0 0 0 0 0
0 0 0 0 0 0 0 40 39 39 39 39 39 40 40 40 40 40 39 40 40 40 39 40 40 40 39 39 39 39 40 40 40 40 40 40 40 40 39 40 40 40 40 0 0 0 0 0 0 0
0 0 0 0 0 0 0 40 39 39 39 39 39 40 40 40 40 40 39 40 40 40 39 39 40 40 40 40 40 40 40 40 40 40 40 40 40 40 39 40 40 40 40 0 0 0 0 0 0 0
0 0 0 0 0 0 0 40 40 40 39 40 40 40 40 40 40 40 39 40 39 39 39 39 40 40 40 40 40 40 40 40 40 40 40 40 40 40 39 40 40 40 40 0 0 0 0 0 0 0
0 0 0 0 0 0 0 40 40 40 39 40 40 40 40 40 40 40 39 40 40 40 40 40 40 40 40 40 40 40 40 40 40 40 40 40 40 39 39 39 39 40 40 0 0 0 0 0 0 0
0 0 0 0 0 0 0 40 40 40 39 40 40 40 39 39 39 39 39 39 39 39 40 40 40 40 40 40 40 40 40 40 40 40 39 39 39 39 39 39 39 40 40 0 0 0 0 0 0 0
0 0 0 0 0 0 0 40 40 40 39 40 40 39 39 39 39 39 39 39 39 39 39 40 40 40 40 40 40 40 40 40 39 39 39 39 39 39 39 39 39 40 40 0 0 0 0 0 0 0
0 0 0 0 0 0 0 40 40 40 39 39 39 39 39 39 39 39 39 39 39 39 39 40 40 40 40 40 40 40 40 40 39 39 39 39 39 39 39 39 39 40 40 0 0 0 0 0 0 0
0 0 0 0 0 0 0 40 40 40 39 39 39 39 39 39 39 39 39 39 39 39 39 40 40 40 40 40 40 40 40 40 39 39 39 39 39 39 39 39 39 40 40 0 0 0 0 0 0 0
0 0 0 0 0 0 0 40 40 40 40 40 40 40 4 4 39 39 39 39 39 39 39 39 39 39 39 39 39 39 39 39 39 39 39 39 39 40 40 39 39 40 40 0 0 0 0 0 0 0
0 0 0 0 0 0 0 40 40 40 40 40 40 40 40 40 40 39 39 40 40 40 40 40 40 40 39 40 40 40 40 40 39 39 39 40 40 40 40 39 39 40 40 0 0 0 0 0 0 0
0 0 0 0 0 0 0 40 40 40 40 40 40 40 40 40 40 39 39 40 40 40 40 40 40 40 39 40 40 40 40 40 40 40 40 40 40 40 39 39 39 40 40 0 0 0 0 0 0 0
0 0 0 0 0 0 0 40 40 40 40 40 40 40 40 40 40 39 39 40 40 40 40 40 40 40 39 40 40 40 40 40 40 40 40 40 40 40 40 39 39 40 40 0 0 0 0 0 0 0
0 0 0 0 0 0 0 40 40 40 40 40 40 40 40 40 40 39 39 40 40 40 40 40 40 40 39 40 40 40 40 40 40 40 40 40 40 40 40 40 40 40 40 0 0 0 0 0 0 0
0 0 0 0 0 0 0 40 40 40 40 40 40 40 40 40 40 39 39 40 40 40 40 40 40 39 39 39 40 40 40 40 40 40 40 40 40 40 40 40 40 40 40 0 0 0 0 0 0 0
0 0 0 0 0 0 0 40 40 40 40 40 40 40 40 40 40 39 39 40 40 40 40 40 40 39 39 39 40 40 40 40 40 40 40 40 40 40 40 40 40 40 40 0 0 0 0 0 0 0
0 0 0 0 0 0 0 40 40 40 40 40 40 40 40 39 39 39 39 39 39 40 40 40 40 40 40 40 40 40 40 40 40 40 40 40 40 40 40 40 40 40 40 0 0 0 0 0 0 0
0 0 0 0 0 0 0 40 40 40 40 40 40 40 40 39 39 39 39 39 39 40 40 40 40 40 40 40 40 40 40 40 40 40 40 40 40 40 40 40 40 40 40 0 0 0 0 0 0 0
0 0 0 0 0 0 0 40 40 39 39 39 39 39 39 39 39 39 39 39 39 40 40 40 40 40 40 40 40 40 40 40 40 40 40 40 39 39 39 39 39 40 40 0 0 0 0 0 0 0
0 0 0 0 0 0 0 40 40 39 40 40 40 40 40 39 39 39 39 39 39 40 40 40 40 40 40 40 40 40 40 40 39 39 39 39 39 39 40 40 39 40 40 0 0 0 0 0 0 0
0 0 0 0 0 0 0 40 40 39 40 40 40 40 40 39 39 39 39 39 39 40 40 40 40 40 40 40 40 40 40 39 39 39 39 39 39 40 40 40 39 40 40 0 0 0 0 0 0 0
0 0 0 0 0 0 0 40 39 39 39 40 40 40 40 4 4 39 39 39 39 39 39 39 39 39 39 39 39 39 39 39 39 39 39 39 39 40 40 40 39 40 40 0 0 0 0 0 0 0
0 0 0 0 0 0 0 40 39 3 39 40 40 40 40 40 40 40 40 40 40 40 40 40 40 40 40 40 40 40 40 40 39 39 39 39 39 40 40 40 39 40 40 0 0 0 0 0 0 0
0 0 0 0 0 0 0 40 39 39 39 40 40 40 40 40 40 40 40 40 40 40 40 40 40 40 40 40 40 40 40 40 40 40 40 40 40 40 40 40 40 40 40 0 0 0 0 0 0 0
0 0 0 0 0 0 0 40 40 40 40 40 40 40 40 40 40 40 40 40 40 40 40 40 40 40 40 40 40 40 40 40 40 40 40 40 40 40 40 40 40 40 40 0 0 0 0 0 0 0
0 0 0 0 0 0 0 0 0 0 0 0 0 0 0 0 0 0 0 0 0 0 0 0 0 0 0 0 0 0 0 0 0 0 0 0 0 0 0 0 0 0 0 0 0 0 0 0 0 0
0 0 0 0 0 0 0 0 0 0 0 0 0 0 0 0 0 0 0 0 0 0 0 0 0 0 0 0 0 0 0 0 0 0 0 0 0 0 0 0 0 0 0 0 0 0 0 0 0 0
0 0 0 0 0 0 0 0 0 0 0 0 0 0 0 0 0 0 0 0 0 0 0 0 0 0 0 0 0 0 0 0 0 0 0 0 0 0 0 0 0 0 0 0 0 0 0 0 0 0
0 0 0 0 0 0 0 0 0 0 0 0 0 0 0 0 0 0 0 0 0 0 0 0 0 0 0 0 0 0 0 0 0 0 0 0 0 0 0 0 0 0 0 0 0 0 0 0 0 0
0 0 0 0 0 0 0 0 0 0 0 0 0 0 0 0 0 0 0 0 0 0 0 0 0 0 0 0 0 0 0 0 0 0 0 0 0 0 0 0 0 0 0 0 0 0 0 0 0 0
0 0 0 0 0 0 0 0 0 0 0 0 0 0 0 0 0 0 0 0 0 0 0 0 0 0 0 0 0 0 0 0 0 0 0 0 0 0 0 0 0 0 0 0 0 0 0 0 0 0
#Entity
OBJ,OBJ_Chest,40,41,OBJ_Pickaxe
OBJ,OBJ_Chest,13,16,OBJ_Potion_Red
OBJ,OBJ_Chest,26,34,OBJ_Potion_Red
OBJ,OBJ_Chest,27,15,OBJ_Potion_Red
OBJ,OBJ_Door_Iron,18,23
IT,IT_DestructibleWall,18,30
IT,IT_DestructibleWall,18,34
IT,IT_DestructibleWall,18,33
IT,IT_DestructibleWall,10,22
IT,IT_DestructibleWall,10,24
IT,IT_DestructibleWall,38,18
IT,IT_DestructibleWall,38,21
IT,IT_DestructibleWall,18,13
IT,IT_DestructibleWall,18,14
IT,IT_DestructibleWall,22,28
IT,IT_DestructibleWall,30,28
IT,IT_DestructibleWall,32,28
IT,IT_MetalPlate,20,22
IT,IT_MetalPlate,8,17
IT,IT_MetalPlate,39,31
MON,MON_Bat,34,39
MON,MON_Bat,36,25
MON,MON_Bat,39,26
MON,MON_Bat,10,19
NPC,NPC_BigRock,20,25
NPC,NPC_BigRock,11,18
NPC,NPC_BigRock,23,14
IT,IT_DestructibleWall,34,16
IT,IT_DestructibleWall,34,17
IT,IT_DestructibleWall,33,17
IT,IT_DestructibleWall,32,17
IT,IT_DestructibleWall,32,18
MON,MON_Orc,28,19
MON,MON_Orc,16,10
OBJ,OBJ_Heart,20,9
IT,IT_DestructibleWall,17,34
IT,IT_DestructibleWall,17,31
IT,IT_DestructibleWall,16,15
IT,IT_DestructibleWall,15,15
IT,IT_DestructibleWall,15,16
IT,IT_DestructibleWall,14,16
IT,IT_DestructibleWall,16,16
IT,IT_DestructibleWall,37,11
MON,MON_Bat,18,16
MON,MON_Bat,38,15
