0 0 0 0 0 0 0 0 0 0 0 0 0 0 0 0 0 0 0 0 0 0 0 0 0 0 0 0 0 0 0 0 0 0 0 0 0 0 0 0 0 0 0 0 0 0 0 0 0 0
0 0 0 0 0 0 0 0 0 0 0 0 0 0 0 0 0 0 0 0 0 0 0 0 0 0 0 0 0 0 0 0 0 0 0 0 0 0 0 0 0 0 0 0 0 0 0 0 0 0
0 0 0 0 0 0 0 0 0 0 0 0 0 0 0 0 0 0 0 0 0 0 0 0 0 0 0 0 0 0 0 0 0 0 0 0 0 0 0 0 0 0 0 0 0 0 0 0 0 0
0 0 0 0 0 0 0 0 0 0 0 0 0 0 0 0 0 0 0 0 0 0 0 0 0 0 0 0 0 0 0 0 0 0 0 0 0 0 0 0 0 0 0 0 0 0 0 0 0 0
0 0 0 0 0 0 0 0 0 0 0 0 0 0 0 0 0 0 0 0 0 0 0 0 0 0 0 0 0 0 0 0 0 0 0 0 0 0 0 0 0 0 0 0 0 0 0 0 0 0
0 0 0 0 0 0 0 0 0 0 0 0 0 0 0 0 0 0 0 0 0 0 0 0 0 0 0 0 0 0 0 0 0 0 0 0 0 0 0 0 0 0 0 0 0 0 0 0 0 0
0 0 0 0 0 0 0 40 40 40 40 40 40 40 40 40 40 40 40 40 40 40 40 40 40 40 40 40 40 40 40 40 40 40 40 40 40 40 40 40 40 40 40 0 0 0 0 0 0 0
0 0 0 0 0 0 0 40 40 40 40 40 40 40 40 40 40 40 40 40 40 40 40 40 40 40 40 40 40 40 40 40 40 40 40 40 40 40 40 40 40 40 40 0 0 0 0 0 0 0
0 0 0 0 0 0 0 40 40 40 40 40 40 40 40 40 40 40 40 40 40 40 40 40 39 39 39 40 40 40 40 40 40 40 40 40 40 40 40 40 40 40 40 0 0 0 0 0 0 0
0 0 0 0 0 0 0 40 40 40 40 40 40 40 40 40 40 40 40 40 40 40 40 40 39 39 39 40 40 40 40 40 40 40 40 40 40 40 40 40 40 40 40 0 0 0 0 0 0 0
0 0 0 0 0 0 0 40 40 40 40 40 40 40 40 40 40 40 40 40 40 40 40 40 40 39 40 40 40 40 40 40 40 40 40 40 40 40 40 40 40 40 40 0 0 0 0 0 0 0
0 0 0 0 0 0 0 40 40 40 40 40 40 40 40 40 40 40 40 40 40 40 40 40 40 39 40 40 40 40 40 40 40 40 40 40 40 40 40 40 40 40 40 0 0 0 0 0 0 0
0 0 0 0 0 0 0 40 40 40 40 40 40 40 40 40 40 40 40 40 40 40 40 40 40 39 40 40 40 40 40 40 40 40 40 40 40 40 40 40 40 40 40 0 0 0 0 0 0 0
0 0 0 0 0 0 0 40 40 40 40 40 40 40 40 40 40 40 40 40 40 40 40 40 40 39 40 40 40 40 40 40 40 40 40 40 40 40 40 40 40 40 40 0 0 0 0 0 0 0
0 0 0 0 0 0 0 40 40 40 40 40 40 40 40 40 40 40 40 40 40 40 40 40 40 39 40 40 40 40 40 40 40 40 40 40 40 40 40 40 40 40 40 0 0 0 0 0 0 0
0 0 0 0 0 0 0 40 40 40 40 40 40 40 40 40 40 40 40 40 40 40 40 40 40 39 40 40 40 40 40 40 40 40 40 40 40 40 40 40 40 40 40 0 0 0 0 0 0 0
0 0 0 0 0 0 0 40 40 40 40 40 40 40 40 40 40 40 40 40 39 39 39 39 39 39 39 39 39 39 40 40 40 40 40 40 40 40 40 40 40 40 40 0 0 0 0 0 0 0
0 0 0 0 0 0 0 40 40 40 40 40 40 40 40 40 40 40 39 39 39 39 39 39 39 39 39 39 39 39 39 39 40 40 40 40 40 40 40 40 40 40 40 0 0 0 0 0 0 0
0 0 0 0 0 0 0 40 40 40 40 40 40 40 40 40 40 39 39 39 39 39 39 39 39 39 39 39 39 39 39 39 39 39 40 40 40 40 40 40 40 40 40 0 0 0 0 0 0 0
0 0 0 0 0 0 0 40 40 40 40 40 40 40 40 40 39 39 39 39 39 39 39 39 39 39 39 39 39 39 39 39 39 39 39 40 40 40 40 40 40 40 40 0 0 0 0 0 0 0
0 0 0 0 0 0 0 40 40 40 40 40 40 40 40 39 39 39 39 39 39 39 39 39 39 39 39 39 39 39 39 39 39 39 39 40 40 40 40 40 40 40 40 0 0 0 0 0 0 0
0 0 0 0 0 0 0 40 40 40 40 40 40 40 39 39 39 39 39 39 39 39 39 39 39 39 39 39 39 39 39 39 39 39 39 39 40 40 40 40 40 40 40 0 0 0 0 0 0 0
0 0 0 0 0 0 0 40 40 40 40 40 40 40 39 39 39 39 39 39 39 39 39 39 39 39 39 39 39 39 39 39 39 39 39 39 40 40 40 40 40 40 40 0 0 0 0 0 0 0
0 0 0 0 0 0 0 40 40 40 40 40 40 40 40 39 39 39 39 39 39 39 39 39 39 39 39 39 39 39 39 39 39 39 39 39 40 40 40 40 40 40 40 0 0 0 0 0 0 0
0 0 0 0 0 0 0 40 40 40 40 40 40 40 40 39 39 39 39 39 39 39 39 39 39 39 39 39 39 39 39 39 39 39 39 39 40 40 40 40 40 40 40 0 0 0 0 0 0 0
0 0 0 0 0 0 0 40 40 40 40 40 40 40 40 40 39 39 39 39 39 39 39 39 39 39 39 39 39 39 39 39 39 39 40 40 40 40 40 40 40 40 40 0 0 0 0 0 0 0
0 0 0 0 0 0 0 40 40 40 40 40 40 40 40 40 40 40 39 39 39 39 39 39 39 39 39 39 39 39 39 39 39 40 40 40 40 40 40 40 40 40 40 0 0 0 0 0 0 0
0 0 0 0 0 0 0 40 40 40 40 40 40 40 40 40 40 40 40 40 39 39 39 39 39 39 39 39 39 39 39 39 40 40 40 40 40 40 40 40 40 40 40 0 0 0 0 0 0 0
0 0 0 0 0 0 0 40 40 40 40 40 40 40 40 40 40 40 40 40 40 40 40 40 40 39 40 40 40 40 40 40 40 40 40 40 40 40 40 40 40 40 40 0 0 0 0 0 0 0
0 0 0 0 0 0 0 40 40 40 40 40 40 40 40 40 40 40 40 40 40 40 40 40 40 39 40 40 40 40 40 40 40 40 40 40 40 40 40 40 40 40 40 0 0 0 0 0 0 0
0 0 0 0 0 0 0 40 40 40 40 40 40 40 40 40 40 40 40 40 40 40 40 40 40 39 40 40 40 40 40 40 40 40 40 40 40 40 40 40 40 40 40 0 0 0 0 0 0 0
0 0 0 0 0 0 0 40 40 40 40 40 40 40 40 40 40 40 40 40 40 40 40 40 40 39 40 40 40 40 40 40 40 40 40 40 40 40 40 40 40 40 40 0 0 0 0 0 0 0
0 0 0 0 0 0 0 40 40 40 40 40 40 40 40 40 40 40 40 40 40 40 40 40 40 39 40 40 40 40 40 40 40 40 40 40 40 40 40 40 40 40 40 0 0 0 0 0 0 0
0 0 0 0 0 0 0 40 40 40 40 40 40 40 40 40 40 40 40 40 40 40 40 40 40 39 40 40 40 40 40 40 40 40 40 40 40 40 40 40 40 40 40 0 0 0 0 0 0 0
0 0 0 0 0 0 0 40 40 40 40 40 40 40 40 40 40 40 40 40 40 40 40 40 40 39 40 40 40 40 40 40 40 40 40 40 40 40 40 40 40 40 40 0 0 0 0 0 0 0
0 0 0 0 0 0 0 40 40 40 40 40 40 40 40 40 40 40 40 40 40 40 40 40 40 39 40 40 40 40 40 40 40 40 40 40 40 40 40 40 40 40 40 0 0 0 0 0 0 0
0 0 0 0 0 0 0 40 40 40 40 40 40 40 40 40 40 40 40 40 40 40 40 40 40 39 39 40 40 40 40 40 40 40 40 40 40 40 40 40 40 40 40 0 0 0 0 0 0 0
0 0 0 0 0 0 0 40 40 40 40 40 40 40 40 40 40 40 40 40 40 40 40 40 40 40 39 40 40 40 40 40 40 40 40 40 40 40 40 40 40 40 40 0 0 0 0 0 0 0
0 0 0 0 0 0 0 40 40 40 40 40 40 40 40 40 40 40 40 40 40 40 40 40 40 40 39 40 40 40 40 40 40 40 40 40 40 40 40 40 40 40 40 0 0 0 0 0 0 0
0 0 0 0 0 0 0 40 40 40 40 40 40 40 40 40 40 40 40 40 40 40 40 40 40 39 39 39 40 40 40 40 40 40 40 40 40 40 40 40 40 40 40 0 0 0 0 0 0 0
0 0 0 0 0 0 0 40 40 40 40 40 40 40 40 40 40 40 40 40 40 40 40 40 40 39 39 39 40 40 40 40 40 40 40 40 40 40 40 40 40 40 40 0 0 0 0 0 0 0
0 0 0 0 0 0 0 40 40 40 40 40 40 40 40 40 40 40 40 40 40 40 40 40 40 39 2 39 40 40 40 40 40 40 40 40 40 40 40 40 40 40 40 0 0 0 0 0 0 0
0 0 0 0 0 0 0 40 40 40 40 40 40 40 40 40 40 40 40 40 40 40 40 40 40 40 40 40 40 40 40 40 40 40 40 40 40 40 40 40 40 40 40 0 0 0 0 0 0 0
0 0 0 0 0 0 0 40 40 40 40 40 40 40 40 40 40 40 40 40 40 40 40 40 40 40 40 40 40 40 40 40 40 40 40 40 40 40 40 40 40 40 40 0 0 0 0 0 0 0
0 0 0 0 0 0 0 0 0 0 0 0 0 0 0 0 0 0 0 0 0 0 0 0 0 0 0 0 0 0 0 0 0 0 0 0 0 0 0 0 0 0 0 0 0 0 0 0 0 0
0 0 0 0 0 0 0 0 0 0 0 0 0 0 0 0 0 0 0 0 0 0 0 0 0 0 0 0 0 0 0 0 0 0 0 0 0 0 0 0 0 0 0 0 0 0 0 0 0 0
0 0 0 0 0 0 0 0 0 0 0 0 0 0 0 0 0 0 0 0 0 0 0 0 0 0 0 0 0 0 0 0 0 0 0 0 0 0 0 0 0 0 0 0 0 0 0 0 0 0
0 0 0 0 0 0 0 0 0 0 0 0 0 0 0 0 0 0 0 0 0 0 0 0 0 0 0 0 0 0 0 0 0 0 0 0 0 0 0 0 0 0 0 0 0 0 0 0 0 0
0 0 0 0 0 0 0 0 0 0 0 0 0 0 0 0 0 0 0 0 0 0 0 0 0 0 0 0 0 0 0 0 0 0 0 0 0 0 0 0 0 0 0 0 0 0 0 0 0 0
0 0 0 0 0 0 0 0 0 0 0 0 0 0 0 0 0 0 0 0 0 0 0 0 0 0 0 0 0 0 0 0 0 0 0 0 0 0 0 0 0 0 0 0 0 0 0 0 0 0
#Entity
MON,MON_SkeletonLord,23,16
OBJ,OBJ_Heart,16,25
OBJ,OBJ_Heart,16,19
OBJ,OBJ_Heart,35,24
OBJ,OBJ_ManaCrystal,34,19
OBJ,OBJ_ManaCrystal,14,22
OBJ,OBJ_ManaCrystal,29,16
OBJ,OBJ_ManaCrystal,31,27
OBJ,OBJ_Door_Iron,25,15
