12 12 12 12 12 12 12 12 12 12 12 12 12 12 12 12 12 12 12 12 12 12 12 12 12 12 12 12 12 12 12 12 12 12 12 12 12 12 12 12 12 12 12 12 12 12 12 12 12 12
12 12 12 12 12 12 12 12 12 12 12 12 12 12 13 12 12 12 12 12 12 12 12 12 12 12 12 12 12 12 12 12 12 12 12 12 12 12 12 12 12 12 12 12 12 12 12 12 12 12
12 12 12 12 12 12 12 13 12 12 12 12 12 12 12 12 12 12 12 12 12 12 12 12 12 13 12 12 12 12 12 12 12 13 12 12 12 12 12 12 12 12 12 12 12 12 12 12 12 12
12 12 12 12 13 12 12 12 12 12 12 13 12 12 12 12 12 12 13 12 12 12 12 12 12 12 12 13 12 12 12 12 12 12 12 12 12 12 12 12 12 13 12 12 12 12 12 12 12 12
12 12 12 12 12 12 12 12 12 13 12 12 12 12 12 13 12 12 12 12 12 12 12 13 12 12 12 12 12 12 12 13 12 12 13 12 12 12 13 12 12 12 12 12 12 12 12 12 12 12
12 12 12 12 12 12 12 12 12 12 12 12 12 12 12 12 12 12 12 12 12 13 12 12 12 12 12 12 12 13 12 12 12 12 12 12 13 12 12 12 12 12 12 13 12 12 12 12 12 12
12 12 12 12 12 12 12 13 22 20 20 20 20 20 20 20 23 12 22 20 20 20 20 20 20 20 20 23 12 12 12 22 20 20 20 20 20 20 20 20 20 20 23 12 12 12 12 12 12 12
12 12 12 12 12 12 12 12 18 41 40 40 40 40 40 41 19 20 21 41 10 10 11 10 10 10 10 19 20 20 20 21 41 10 35 33 33 33 33 33 33 36 17 12 12 13 12 12 12 12
12 12 13 12 12 12 12 12 18 41 40 39 39 39 40 41 41 41 41 41 10 14 15 15 15 16 10 41 41 41 41 41 41 41 31 26 26 26 26 26 26 30 17 12 12 12 12 12 12 12
12 12 12 12 12 12 12 12 18 41 40 39 2 39 40 41 41 41 41 41 10 17 12 12 12 18 10 41 41 41 41 41 41 41 31 26 26 26 26 26 26 30 17 12 12 12 12 12 12 12
12 12 12 13 12 12 12 12 18 41 40 39 39 39 40 41 41 41 41 41 10 17 12 12 12 18 11 41 41 41 41 41 41 41 31 26 26 26 26 26 26 30 17 12 13 12 12 12 12 12
12 12 12 12 13 12 12 12 18 41 40 39 39 39 40 41 41 41 41 41 10 19 20 20 20 21 10 41 41 41 41 41 41 41 31 26 26 26 26 26 26 30 17 12 12 12 12 12 12 12
12 12 12 12 12 12 12 12 18 41 40 40 39 40 40 41 41 41 41 41 11 10 35 33 36 10 10 10 10 10 10 10 10 10 37 28 28 29 26 27 28 38 17 13 12 12 12 12 12 12
12 12 12 12 12 12 12 12 18 41 41 41 10 41 41 41 41 41 41 41 41 41 31 26 30 41 41 41 41 41 41 41 41 41 41 41 41 31 26 30 14 15 25 12 12 12 12 12 12 12
12 12 12 12 13 12 12 12 24 16 41 41 10 41 41 41 41 41 41 41 41 41 31 26 30 41 41 41 41 41 41 41 41 41 41 41 41 31 26 30 17 12 12 12 12 13 12 12 12 12
12 12 12 12 12 12 12 12 12 18 41 41 10 41 41 41 41 41 41 41 41 41 31 26 30 41 41 41 41 41 41 41 41 41 41 41 41 31 26 30 17 12 12 12 12 12 12 12 12 12
12 12 12 12 12 12 12 12 22 21 41 41 10 41 41 41 41 41 41 41 41 41 31 26 30 10 10 10 41 41 41 41 41 41 41 41 41 31 26 30 17 12 12 12 12 12 13 12 12 12
12 12 13 12 12 12 12 22 21 41 41 41 10 41 41 41 41 41 41 41 41 41 31 26 30 41 41 41 41 41 41 41 41 41 41 35 33 34 26 30 17 12 12 13 12 12 12 12 12 12
12 12 12 12 12 12 12 18 41 41 10 10 10 41 41 41 41 41 41 41 41 41 31 26 30 41 41 41 41 41 41 41 41 41 41 31 26 26 26 30 17 12 12 12 12 12 12 12 12 12
12 12 12 13 12 12 12 18 41 41 10 41 41 41 41 41 41 41 41 41 41 10 31 26 30 10 41 41 41 41 41 41 41 41 41 31 26 27 28 38 17 12 13 12 12 12 12 12 12 12
12 12 12 12 12 12 12 18 41 41 10 41 41 10 35 33 33 33 33 33 33 33 34 26 32 33 33 33 33 36 41 41 41 35 33 34 26 30 10 41 17 12 12 12 12 12 12 12 12 12
12 12 12 12 12 13 12 18 41 41 10 41 41 11 31 26 26 26 26 26 26 26 26 26 26 26 26 26 26 30 10 10 10 31 26 26 26 30 10 14 25 12 12 12 12 12 12 12 12 12
12 12 12 12 12 12 13 18 41 41 10 41 41 10 37 28 28 28 28 28 28 28 29 26 27 28 28 28 28 38 41 41 41 37 28 29 26 30 10 17 12 13 12 12 12 12 12 12 12 12
12 12 12 12 12 12 12 24 16 41 10 41 41 10 41 41 41 41 41 41 41 10 31 26 30 10 41 41 41 41 41 41 41 41 41 31 26 30 10 17 12 12 12 12 13 12 12 12 12 12
12 12 12 12 12 12 12 12 18 41 10 41 41 10 41 41 41 41 41 41 41 41 37 28 38 41 41 41 41 41 41 41 41 41 41 31 26 30 11 17 12 12 12 12 12 12 12 12 12 12
12 12 12 12 12 13 12 22 21 41 10 41 41 10 10 41 41 41 41 41 41 41 35 33 36 41 41 41 41 41 41 41 41 41 41 31 26 30 10 17 12 12 12 13 12 12 12 12 12 12
12 12 12 12 12 12 12 18 41 41 10 41 41 41 10 41 41 41 41 41 41 41 31 26 30 41 41 41 41 41 41 41 41 41 41 31 26 30 10 17 12 12 12 12 12 12 12 12 12 12
12 12 12 13 12 12 12 18 41 41 10 41 41 41 10 41 41 41 41 41 41 41 31 26 30 10 10 10 41 41 41 41 41 41 41 31 26 30 10 17 12 13 12 12 12 12 12 12 12 12
12 12 12 12 12 12 12 18 41 41 10 41 41 41 10 41 41 41 41 41 41 41 31 26 30 41 41 10 41 41 10 41 41 41 41 31 26 30 10 17 12 12 12 12 12 12 12 12 12 12
12 12 12 12 12 12 13 18 41 41 10 10 10 10 10 10 41 41 41 41 41 41 31 26 30 41 41 10 41 41 10 41 41 41 41 37 28 38 10 17 12 12 12 12 13 12 12 12 12 12
12 12 12 12 12 12 12 18 41 41 11 10 10 10 10 10 41 41 41 41 41 41 31 26 30 41 41 10 41 41 10 41 41 41 41 41 10 41 14 25 12 12 13 12 12 12 12 12 12 12
12 12 12 12 12 12 12 24 16 41 10 10 10 10 10 10 41 41 41 41 41 41 31 26 30 41 41 10 10 10 10 41 41 41 41 10 10 10 17 12 12 12 12 12 12 12 12 12 12 12
12 12 12 12 12 13 12 12 18 41 10 10 10 11 10 10 41 41 41 41 41 41 31 26 30 41 41 41 41 41 41 41 41 41 41 10 10 10 17 12 12 12 12 12 12 12 13 12 12 12
12 12 12 12 12 12 12 12 18 41 10 10 10 10 10 10 41 41 41 41 41 41 31 26 30 41 41 41 41 41 41 41 41 41 41 10 10 11 17 12 12 13 12 12 12 12 12 12 12 12
12 12 12 12 12 12 12 12 18 41 10 10 10 10 10 10 41 41 41 41 41 41 31 26 30 41 41 41 41 41 41 41 41 41 41 10 10 10 17 12 12 12 12 12 12 12 12 12 12 12
12 12 12 12 13 12 12 22 21 41 41 41 41 41 41 41 41 41 41 41 41 41 37 28 38 41 41 41 41 41 41 41 41 41 41 11 10 10 19 23 12 12 12 12 12 12 12 12 12 12
12 12 12 12 12 12 12 18 41 41 41 41 41 41 41 41 41 41 41 41 10 10 10 10 10 10 10 41 41 41 41 41 41 41 10 10 10 10 10 19 23 12 12 12 13 12 12 12 12 12
12 12 12 12 12 12 13 18 41 41 41 41 41 41 41 41 41 41 41 10 10 10 10 10 10 10 10 10 41 41 10 41 41 10 10 10 10 10 10 10 17 12 12 12 12 12 12 12 12 12
12 12 12 12 12 12 12 18 41 41 41 41 41 42 41 41 41 41 41 11 10 10 10 10 10 11 10 10 41 41 41 41 10 10 10 10 10 11 10 10 17 12 13 12 12 12 12 12 12 12
12 12 12 12 12 12 12 18 41 41 41 41 41 10 41 41 41 41 41 10 11 10 10 10 10 10 10 10 10 41 41 41 10 10 10 10 10 41 10 10 17 12 12 12 12 12 12 12 12 12
12 12 13 12 12 12 12 18 41 41 41 41 41 10 10 10 10 10 10 10 10 10 10 10 10 10 10 10 10 10 10 10 10 10 41 10 10 10 10 10 17 12 12 12 12 13 12 12 12 12
12 12 12 12 12 12 12 18 41 41 41 41 41 41 41 14 15 15 16 10 10 10 10 10 11 10 10 14 15 15 16 10 10 10 10 10 10 10 11 10 17 12 12 12 12 12 12 13 12 12
12 12 12 12 12 12 12 18 41 41 41 41 41 41 14 25 12 12 24 16 10 10 10 10 10 10 14 25 12 12 18 10 10 41 10 10 41 10 10 10 17 12 12 12 12 12 12 12 12 12
12 12 12 12 13 12 12 24 15 15 15 15 15 15 25 12 12 12 12 24 15 15 15 15 15 15 25 12 13 12 24 16 10 11 10 10 10 10 14 15 25 12 13 12 12 12 12 12 12 12
12 12 12 12 12 12 12 12 12 12 12 12 12 12 12 12 12 12 13 12 12 12 12 12 12 12 12 12 12 12 12 24 15 15 15 15 15 15 25 12 12 12 12 12 12 12 13 12 12 12
12 12 12 12 12 12 12 12 12 12 12 13 12 12 12 12 13 12 12 12 12 12 12 12 12 12 12 12 12 12 12 12 12 12 12 12 13 12 12 12 12 12 12 13 12 12 12 12 12 12
12 12 12 12 12 12 13 12 12 12 12 12 12 12 12 12 12 12 12 12 12 12 12 12 13 12 12 12 12 13 12 12 12 12 12 12 12 12 12 12 12 12 12 12 12 12 12 12 12 12
12 12 12 12 12 12 12 12 12 12 12 12 12 12 13 12 12 12 12 12 13 12 12 12 12 12 12 12 12 12 12 12 13 12 12 12 12 12 12 13 12 12 12 12 12 12 12 12 12 12
12 12 12 12 12 12 12 12 12 12 12 12 12 12 12 12 12 12 12 12 12 12 12 12 12 12 12 13 12 12 12 12 12 12 12 12 12 12 12 12 12 12 12 12 12 13 12 12 12 12
12 12 12 12 12 12 12 12 12 12 12 12 12 12 12 12 12 12 12 12 12 12 12 12 12 12 12 12 12 12 12 12 12 12 12 12 12 12 12 12 12 12 12 12 12 12 12 12 12 12
#Entity
OBJ,OBJ_Coin_Bronze,25,19
OBJ,OBJ_Key,21,19
OBJ,OBJ_Tent,19,20
OBJ,OBJ_Key,26,21
OBJ,OBJ_Axe,33,21
OBJ,OBJ_Shield_Blue,35,21
OBJ,OBJ_Potion_Red,22,27
OBJ,OBJ_Potion_Red,22,29
OBJ,OBJ_ManaCrystal,22,31
OBJ,OBJ_Door,12,12
OBJ,OBJ_Chest,30,29,OBJ_Key
OBJ,OBJ_Chest,17,20,OBJ_Tent
OBJ,OBJ_Chest,16,20,OBJ_Potion_Red
OBJ,OBJ_Lantern,18,20
NPC,NPC_OldMan,21,21
MON,MON_GreenSlime,21,38
MON,MON_GreenSlime,23,42
MON,MON_GreenSlime,24,37
MON,MON_GreenSlime,34,42
MON,MON_GreenSlime,38,42
MON,MON_Orc,12,33
IT,IT_DryTree,27,12
IT,IT_DryTree,28,12
IT,IT_DryTree,29,12
IT,IT_DryTree,30,12
IT,IT_DryTree,31,12
IT,IT_DryTree,32,12
IT,IT_DryTree,33,12
IT,IT_DryTree,22,24
IT,IT_DryTree,23,24
IT,IT_DryTree,24,24
IT,IT_DryTree,14,40
IT,IT_DryTree,15,40
IT,IT_DryTree,16,40
IT,IT_DryTree,17,40
IT,IT_DryTree,18,40
IT,IT_DryTree,25,27
IT,IT_DryTree,26,27
IT,IT_DryTree,27,28
IT,IT_DryTree,27,29
IT,IT_DryTree,27,30
IT,IT_DryTree,27,31
IT,IT_DryTree,28,31
IT,IT_DryTree,29,31
IT,IT_DryTree,30,31
IT,IT_DryTree,13,39
IT,IT_DryTree,13,40
MON,MON_RedSlime,37,9
MON,MON_RedSlime,36,11
MON,MON_RedSlime,40,10
OBJ,OBJ_AirWall,15,20
OBJ,OBJ_AirWall,15,21
OBJ,OBJ_AirWall,15,22
OBJ,OBJ_AirWall,14,28
OBJ,OBJ_Door,14,27
